436
66
376
719
141
214
69
791
591
313
804
327
130
253
196
556
463
756
698
994
868
430
737
302
391
303
186
550
538
470
382
20
604
5
77
412
660
468
563
92
407
932
940
761
547
683
948
816
57
426
31
467
774
83
350
578
2
50
267
140
413
78
398
179
390
781
752
928
100
144
582
76
999
298
548
946
188
276
500
537
8
395
677
464
549
448
425
955
269
857
580
237
789
549
518
845
982
364
496
598
930
451
308
260
943
227
492
198
822
188
261
636
766
41
110
522
843
404
564
322
750
552
859
559
656
536
442
294
289
316
23
254
66
406
634
819
993
969
505
619
257
178
856
50
930
166
680
642
953
859
350
831
645
505
493
356
273
793
882
200
868
12
243
717
333
839
767
352
77
995
817
148
867
167
786
53
312
338
310
897
411
876
76
784
917
545
277
580
819
863
357
89
110
112
78
531
177
642
78
901
537
28
45
856
363
54
346
847
237
485
441
297
817
51
720
780
662
110
430
307
293
14
230
40
665
277
537
947
628
270
208
216
623
324
323
496
817
775
789
383
103
744
230
896
933
137
173
100
722
659
846
417
662
432
998
647
127
140
37
161
509
493
418
272
238
206
684
300
939
622
741
442
181
551
995
152
10
920
718
353
556
325
609
506
260
655
834
213
961
527
971
798
901
394
195
37
927
847
699
25
602
805
868
966
676
989
912
538
386
345
756
368
358
825
747
68
439
266
372
213
687
927
535
645
854
626
99
485
125
300
358
257
612
262
787
637
30
381
962
405
314
895
785
334
426
619
243
914
467
826
756
991
309
208
793
642
347
906
872
866
648
779
202
950
736
727
235
703
479
134
124
89
53
212
625
191
778
312
295
845
679
68
919
720
996
590
2
111
504
772
784
220
434
197
710
232
977
40
482
60
857
836
826
271
205
976
900
272
23
316
821
574
876
333
134
602
12
865
184
247
51
578
241
149
539
941
932
446
95
713
997
581
654
600
638
592
299
32
760
196
477
755
221
902
973
256
794
323
896
866
944
849
32
750
634
824
382
910
369
453
384
743
361
692
318
658
219
507
634
762
864
9
530
621
385
136
898
711
461
760
897
186
545
308
768
286
445
262
231
794
115
179
697
673
434
206
815
207
515
401
358
714
603
575
268
186
953
769
746
990
149
931
648
146
225
842
71
504
595
835
955
607
233
411
718
909
773
398
432
499
201
945
811
479
580
217
338
653
820
393
173
253
867
200
104
21
773
978
706
47
50
41
11
471
390
844
488
282
288
337
832
196
383
708
109
815
336
610
69
67
898
883
46
206
411
733
715
502
346
294
99
130
672
517
688
644
745
382
178
861
167
462
363
951
540
21
982
20
331
923
836
474
126
810
349
45
400
202
862
421
545
397
305
46
324
311
604
808
80
686
116
16
35
414
610
266
722
80
862
566
167
209
681
322
724
121
323
644
568
737
538
720
731
165
215
911
217
391
444
596
183
967
59
733
371
114
204
578
994
312
215
967
67
46
183
125
706
56
870
993
306
131
274
668
599
226
21
670
519
420
956
376
483
39
720
178
172
90
873
606
139
983
135
910
606
432
571
365
638
326
206
884
448
295
324
334
1
700
926
345
203
765
195
285
933
616
537
507
871
63
754
948
595
60
175
628
683
923
97
653
645
533
753
856
314
961
94
304
15
178
107
537
154
769
14
508
146
856
705
933
498
765
943
921
657
319
438
527
753
27
651
133
670
844
292
374
999
637
823
654
264
962
925
178
514
265
808
815
775
164
445
39
97
29
304
663
923
709
912
64
300
845
632
143
988
912
366
277
914
810
513
165
495
547
391
529
294
344
506
338
151
236
528
340
391
111
522
468
990
957
56
870
570
960
62
118
955
52
922
461
572
401
110
797
390
361
872
435
219
370
819
604
163
360
56
96
700
274
412
392
398
433
638
127
546
583
959
751
27
660
216
818
636
470
936
407
646
743
60
822
834
247
726
823
394
960
476
378
97
612
472
86
828
259
824
193
172
943
952
397
10
889
961
424
201
167
367
720
291
187
177
450
855
938
221
411
505
399
866
380
835
132
690
900
551
669
509
482
839
925
150
734
578
571
727
983
339
939
767
546
260
819
441
917
775
226
309
781
868
21
449
983
3
85
599
225
117
618
913
585
102
969
261
665
21
390
586
505
886
984
664
252
211
141
779
901
711
739
242
370
448
453
374
567
444
542
584
83
310
646
408
648
668
204
958
480
265
303
19
256
484
953
186
481
598
6
784
673
512
208
19
922
940
152
739
76
922
222
433
980
339
985
612
998
614
844
499
262
120
215
59
939
871
906
738
123
996
865
931
836
107
990
125
22
152
203
863
331
534
577
151
994
284
920
723
20
873
828
596
542
798
902
694
133
421
514
934
530
667
241
37
337
110
830
527
875
638
364
814
595
377
113
7
122
795
401
106
281
954
714
529
211
667
181
514
985
931
517
778
995
384
475
976
709
673
880
913
343
581
368
181
383
460
977
847
877
37
902
131
908
926
815
521
669
259
337
614
146
666
425
94
460
503
701
635
576
588
968
191
222
929
470
99
528
875
780
643
129
885
530
260
211
642
599
349
242
533
792
737
960
646
471
205
495
282
91
133
406
638
107
228
779
776
241
524
494
205
680
303
201
375
389
380
562
216
322
217
833
378
31
682
902
187
818
869
515
455
333
276
507
200
271
842
530
0
621
755
940
196
710
727
215
393
187
397
522
752
924
870
830
378
772
946
268
689
13
452
248
49
369
275
283
100
405
50
275
141
213
213
533
665
354
109
685
626
98
66
210
323
174
969
266
817
392
626
111
679
689
366
455
461
384
705
729
713
693
557
380
540
835
462
10
669
383
496
364
760
872
82
939
195
52
702
222
938
596
571
431
101
520
745
903
775
33
714
191
318
76
503
308
721
312
483
493
923
926
593
336
921
196
418
82
308
400
654
488
453
344
777
615
852
425
378
580
334
935
492
356
695
19
450
401
22
529
200
55
458
807
816
362
375
302
905
207
0
810
929
467
300
20
41
122
577
24
887
168
564
403
977
511
986
525
633
914
486
728
255
528
540
115
604
474
473
830
78
447
987
763
513
337
654
859
854
423
707
339
162
763
42
431
819
42
789
404
447
297
984
52
31
571
835
44
966
823
849
937
257
126
591
25
897
453
185
614
558
193
747
751
37
841
817
930
592
185
518
787
192
726
610
348
925
979
826
963
295
769
863
659
884
639
215
288
939
6
566
486
740
743
821
200
224
483
986
211
255
23
999
896
67
885
308
212
877
253
472
749
416
227
300
519
113
575
75
56
991
931
232
291
884
712
455
644
491
840
509
725
866
744
327
59
414
999
756
287
140
407
130
365
898
266
317
388
647
94
171
795
256
66
391
886
268
7
624
760
96
856
286
42
541
136
968
974
207
117
504
811
305
35
714
692
608
947
634
596
819
553
519
319
417
554
277
840
118
988
39
901
464
235
473
91
668
343
109
232
802
645
352
416
581
624
116
603
514
424
988
293
936
378
630
434
497
506
668
359
2
909
685
295
121
665
59
645
370
861
264
76
922
122
990
175
309
118
864
297
742
282
823
58
863
200
233
826
984
902
634
458
482
606
617
504
873
280
681
55
211
792
122
423
907
262
876
898
746
728
45
874
885
139
240
760
860
218
255
209
192
756
556
381
14
433
991
126
235
391
702
235
167
345
654
130
203
228
375
685
84
1
462
169
553
486
191
667
666
837
49
711
885
515
378
278
96
456
364
749
114
443
526
898
830
584
465
506
108
169
137
716
729
129
57
825
183
782
927
808
844
534
871
517
142
724
116
127
669
885
227
156
741
246
173
42
875
435
394
85
762
998
736
308
818
513
570
627
93
802
692
585
357
992
605
762
477
926
622
905
765
767
797
779
848
437
99
686
768
930
367
640
395
431
552
204
2
580
455
79
787
227
672
629
415
470
747
672
207
826
588
11
406
924
59
401
101
203
270
852
730
713
502
447
813
260
904
129
464
842
48
234
513
492
191
912
556
433
625
955
66
691
805
941
756
137
53
113
779
252
478
803
951
787
459
806
149
895
435
581
196
214
980
771
65
881
155
111
984
426
881
442
81
15
676
210
519
592
416
517
707
28
916
529
47
521
44
804
851
139
743
884
525
572
841
329
843
869
749
212
157
200
198
981
683
420
968
523
585
562
170
180
435
186
1
480
776
893
62
333
926
223
271
481
884
571
97
79
156
719
386
375
623
88
277
577
79
815
828
201
936
349
767
338
670
310
439
554
998
997
416
358
435
87
432
486
838
706
255
560
777
326
900
44
107
633
65
783
868
807
37
850
790
471
372
850
953
879
552
330
888
793
465
432
235
915
1
480
358
628
276
752
751
312
993
304
848
461
230
343
913
351
519
288
3
101
409
402
596
493
849
553
396
106
622
463
970
915
744
561
349
705
242
410
449
371
933
496
187
408
894
81
453
665
103
714
718
755
346
962
857
338
843
873
962
878
207
728
318
351
303
637
416
835
270
642
874
861
499
75
401
898
604
48
477
381
528
135
265
231
741
483
372
908
127
827
474
668
555
146
483
825
330
978
898
514
679
735
217
653
177
717
795
565
566
907
339
955
706
35
307
797
527
858
838
974
692
74
485
406
359
788
937
813
871
14
137
142
401
238
663
224
606
687
33
133
115
580
627
324
225
299
245
631
553
125
942
803
499
884
669
392
282
647
414
440
0
380
3
596
650
290
445
0
277
444
729
539
452
135
282
815
113
387
863
508
375
916
540
630
304
869
537
544
804
654
152
521
700
216
669
33
836
197
151
953
475
500
281
311
612
933
963
297
846
757
229
737
298
169
92
375
723
973
398
906
324
945
387
835
2
715
635
962
729
263
281
444
478
535
961
194
699
13
669
595
603
535
844
353
661
76
337
615
558
701
571
391
518
377
98
664
364
918
4
553
874
870
49
319
5
756
251
22
358
741
606
142
780
440
42
553
383
290
230
802
366
611
846
789
935
293
998
570
307
766
3
203
257
805
443
255
907
504
427
851
507
694
305
888
744
960
640
385
745
377
116
733
281
46
197
13
853
542
776
431
298
396
763
346
221
841
526
351
119
119
401
328
311
808
988
458
846
767
836
688
441
522
167
271
86
119
742
603
384
744
593
720
886
687
336
521
628
563
996
974
853
47
802
322
412
766
189
558
677
397
357
277
858
482
58
314
533
949
960
475
818
807
824
40
81
61
976
681
277
451
989
858
43
202
320
797
406
641
623
633
578
169
864
385
622
792
900
14
916
148
144
922
238
690
51
906
993
528
660
759
567
207
136
441
47
576
285
940
569
787
300
774
397
360
594
349
384
216
420
247
889
552
124
868
359
426
306
773
713
987
864
483
414
334
868
468
586
98
511
534
837
979
897
874
502
626
267
552
864
454
391
335
542
213
217
365
642
385
565
326
448
771
585
436
413
967
970
828
945
748
378
589
30
810
374
39
34
678
228
605
139
94
314
11
719
628
451
347
640
788
489
4
903
446
620
370
257
948
391
654
421
914
172
212
334
325
843
241
420
199
852
794
183
816
348
643
588
226
17
627
601
481
421
789
917
858
83
772
399
160
297
668
12
1
668
738
26
920
686
227
132
23
192
761
656
849
491
703
467
107
985
154
325
943
625
232
344
434
188
676
968
103
374
771
370
298
974
103
451
478
925
675
693
554
876
446
947
671
9
486
891
23
268
509
261
559
783
742
191
726
268
726
935
724
389
891
995
80
609
471
251
763
836
605
935
443
259
276
462
969
120
76
936
616
830
658
861
134
733
113
998
209
49
490
524
495
992
79
682
975
847
109
841
63
821
31
515
504
823
600
165
835
921
575
789
900
150
951
187
659
470
306
471
333
180
23
885
746
774
851
214
571
300
516
140
78
524
872
665
893
823
383
365
226
572
564
569
1
933
378
756
330
381
487
373
816
998
682
0
238
570
784
314
276
759
795
542
64
200
108
205
529
189
139
760
668
722
825
398
140
74
63
650
813
743
302
648
195
564
186
855
997
17
359
836
431
273
280
151
225
334
187
802
766
677
123
727
206
197
314
726
866
866
21
863
758
464
415
811
622
927
935
851
392
358
59
215
668
496
416
254
353
507
683
478
316
264
769
857
614
923
376
897
546
467
154
906
573
79
286
580
913
655
568
469
461
499
712
160
521
267
879
49
721
516
202
369
424
800
375
753
842
110
220
972
97
606
508
659
431
989
207
762
845
605
780
190
496
313
85
604
286
447
955
623
224
741
539
733
287
907
47
61
728
686
634
802
973
550
767
473
545
958
581
383
705
953
384
652
866
199
729
897
134
12
167
182
769
765
89
210
730
131
884
768
944
970
955
350
400
315
10
527
680
854
454
72
88
462
623
73
101
884
76
254
468
382
149
523
921
240
498
331
128
336
417
738
208
609
293
258
860
125
708
421
920
643
303
700
941
11
738
911
217
479
778
450
532
13
771
768
789
5
577
275
578
358
297
501
731
758
996
671
828
126
976
39
688
631
59
258
867
367
777
780
298
788
310
770
279
232
519
335
172
458
452
878
324
902
236
297
926
508
374
309
757
349
75
644
6
959
398
994
668
212
661
616
324
859
808
200
471
326
119
171
949
169
979
895
426
693
192
362
361
566
663
788
313
919
163
235
18
344
267
794
145
412
496
92
251
795
166
876
49
875
409
228
720
751
394
505
688
874
810
472
961
192
252
189
861
520
295
147
755
76
670
820
146
550
138
282
338
803
382
781
735
344
472
187
698
978
226
71
827
656
109
729
464
371
145
882
199
104
674
905
148
255
699
389
862
691
3
577
729
508
149
690
900
914
7
443
851
153
449
149
895
219
422
602
127
251
688
596
544
856
151
326
299
291
815
111
377
414
137
850
279
499
706
365
668
576
958
323
295
726
896
748
956
857
582
222
674
820
534
741
770
403
979
871
997
641
381
270
465
83
522
870
636
144
924
6
280
459
386
571
931
163
907
836
7
384
364
914
507
835
862
977
888
278
812
248
481
808
447
459
638
369
646
969
567
639
661
943
704
427
599
75
342
61
246
102
149
776
170
993
157
9
852
41
785
631
956
266
460
578
778
464
443
31
311
953
541
316
348
582
493
907
527
838
931
520
251
961
12
76
970
801
985
434
400
809
210
191
870
935
381
518
137
396
11
934
701
273
555
201
838
604
898
982
346
215
315
761
245
818
427
542
488
999
143
267
90
628
7
478
917
819
940
719
821
77
854
327
692
436
214
814
499
411
229
726
356
383
963
990
191
570
350
45
644
107
773
659
411
878
601
265
365
640
855
784
437
673
913
366
417
669
59
231
561
820
460
787
107
71
93
522
602
371
33
720
239
290
461
935
232
801
735
289
640
132
876
79
940
576
858
890
80
840
150
385
709
12
97
233
773
540
809
145
695
638
448
864
894
405
945
26
514
564
451
214
822
136
59
219
914
543
632
441
20
614
891
624
926
724
281
628
780
805
494
737
800
310
959
87
243
284
66
148
288
589
333
843
400
964
277
816
100
73
250
547
21
878
109
517
594
703
156
378
682
120
452
140
19
357
246
711
363
281
971
735
869
118
984
580
275
991
987
468
183
45
851
235
878
397
386
905
830
393
470
312
286
697
800
273
127
537
478
416
472
55
571
617
329
37
766
140
3
513
250
8
823
600
989
817
214
735
638
216
88
889
446
524
26
691
609
503
738
409
734
147
859
614
242
453
214
947
785
515
306
849
996
991
936
279
186
904
534
419
940
10
0
129
882
454
595
424
295
260
705
589
677
256
79
606
780
409
514
484
127
179
813
693
537
440
228
399
728
690
549
351
610
793
470
340
520
229
815
862
261
909
781
256
478
905
386
857
607
92
886
892
338
558
71
717
340
840
974
693
713
468
733
478
534
66
25
737
649
250
764
345
789
865
523
918
988
714
427
160
219
728
122
844
169
737
787
421
39
380
56
193
350
410
138
700
750
639
400
470
973
25
156
561
184
964
456
413
158
662
177
318
900
594
865
513
551
422
334
240
703
445
239
362
503
589
459
45
272
177
390
814
713
263
962
778
158
78
470
174
717
236
127
432
666
698
584
891
839
154
502
893
353
363
706
477
494
254
343
73
171
12
944
623
976
203
290
318
481
987
486
734
92
827
725
443
475
710
793
366
290
769
497
987
728
394
842
268
148
355
959
551
905
198
505
21
357
206
506
286
866
492
360
486
579
386
61
917
681
143
516
536
805
113
192
870
302
975
263
794
90
315
807
359
898
814
612
351
805
590
617
546
113
788
40
693
770
319
812
94
734
783
13
287
909
998
631
730
548
212
100
583
296
59
782
663
369
522
737
371
733
718
890
952
502
81
972
743
224
634
420
168
140
369
746
110
991
420
775
953
462
627
530
14
888
283
489
325
410
373
385
699
375
334
731
822
431
454
761
664
389
348
542
835
661
526
599
674
784
19
508
722
319
145
561
950
184
983
806
570
314
861
439
509
399
149
814
667
310
988
75
875
775
128
730
77
768
943
350
646
106
789
884
872
700
342
61
623
992
226
695
899
159
229
749
479
767
682
451
168
704
126
802
202
377
199
374
208
349
807
386
765
840
41
632
987
749
938
41
765
163
177
268
258
632
24
985
988
845
341
222
406
722
299
460
132
351
483
888
158
663
479
678
159
176
617
902
761
700
536
188
996
386
371
103
450
111
905
723
559
764
765
850
334
657
784
851
326
931
10
150
18
538
428
999
922
88
349
271
593
633
620
649
455
236
239
800
800
993
699
798
559
28
408
327
510
883
830
973
371
607
558
189
827
834
413
391
928
76
772
989
443
497
796
59
685
472
884
803
71
273
701
892
141
379
376
289
75
993
23
171
798
545
558
127
614
140
908
890
911
148
86
485
935
378
284
825
764
585
102
456
629
374
237
383
445
901
517
643
973
190
904
547
333
259
239
361
685
731
789
489
777
59
368
116
708
8
664
661
694
596
656
321
858
224
465
439
41
387
753
444
438
932
840
620
408
539
32
9
167
773
261
364
184
790
35
164
19
541
867
367
29
103
807
743
823
589
432
360
626
945
671
20
714
820
136
230
922
618
217
593
795
774
40
340
356
290
552
94
598
562
418
860
765
581
79
656
191
647
379
175
971
858
358
345
39
740
412
694
249
597
824
980
955
292
781
613
159
457
400
51
744
357
931
461
467
927
291
656
387
823
299
489
118
698
488
670
866
259
211
218
494
120
777
569
970
885
765
717
422
375
282
609
685
430
851
424
658
259
829
307
18
862
739
572
823
684
661
398
346
259
878
549
5
292
302
731
643
319
822
747
504
800
588
778
176
269
447
718
451
966
167
707
532
162
859
709
257
292
986
205
53
836
667
887
130
857
570
496
46
21
517
826
121
894
108
250
354
362
55
60
431
2
647
304
135
353
737
791
947
116
921
422
961
437
120
38
227
619
598
494
562
779
577
824
414
211
989
899
838
463
574
199
794
436
501
956
957
124
922
163
978
979
359
660
672
255
676
823
923
112
399
140
172
702
577
334
270
931
954
539
84
111
202
444
724
252
124
246
466
304
242
716
433
291
965
682
897
865
545
738
619
527
383
75
996
423
863
883
896
349
757
917
985
395
440
450
31
390
599
43
132
191
861
234
96
663
763
532
177
123
824
855
255
884
2
852
84
548
740
408
637
607
900
967
728
970
323
249
34
53
474
322
346
127
580
986
393
764
972
912
866
301
865
985
314
452
653
880
456
366
899
973
49
678
592
315
891
326
925
532
697
247
784
218
578
337
400
573
590
434
95
806
355
484
895
83
83
424
828
604
391
802
97
739
221
606
963
23
798
300
91
182
6
584
325
350
800
995
319
22
240
41
252
355
553
207
880
904
160
842
510
951
966
618
90
186
344
990
522
593
123
849
441
54
612
326
180
374
146
565
394
130
880
95
772
987
612
350
650
912
215
765
824
14
852
869
812
579
536
716
876
221
740
61
602
9
706
686
493
806
828
371
44
62
975
107
27
790
905
277
258
438
998
697
938
995
344
609
805
689
908
945
684
293
828
425
713
199
160
375
492
77
302
434
606
191
114
698
519
136
253
230
608
84
596
253
211
387
662
843
905
765
891
349
874
140
222
346
157
592
905
399
765
854
682
543
143
194
460
962
217
563
405
969
315
383
944
92
591
417
481
729
163
752
802
596
103
34
14
912
562
762
570
105
786
598
407
591
496
399
442
72
143
894
762
664
829
705
584
78
268
735
730
38
35
759
670
82
470
446
409
911
41
916
362
486
684
379
151
151
590
379
706
147
213
620
357
37
799
416
673
714
570
349
624
853
808
782
305
922
476
541
826
96
684
178
200
720
273
943
995
305
992
796
305
355
318
519
83
753
694
282
239
806
115
817
960
523
281
673
617
182
238
932
250
704
306
122
101
973
323
18
838
722
718
494
151
279
666
537
168
62
670
130
695
390
207
682
656
873
696
356
192
362
951
679
834
221
433
552
813
446
88
886
61
992
283
846
709
525
365
913
904
690
688
750
595
908
490
166
537
650
920
302
111
137
598
541
755
400
552
538
697
673
75
190
446
199
10
351
943
582
264
553
625
982
881
59
642
622
843
100
380
232
874
245
21
340
912
479
311
524
601
693
865
66
74
0
336
754
589
472
513
932
36
657
935
292
177
503
949
295
533
120
201
583
212
155
455
195
591
403
279
929
710
711
556
719
427
128
55
472
875
738
219
414
516
597
183
625
160
716
545
111
612
105
796
453
258
455
408
804
756
176
513
763
199
143
780
449
558
687
570
904
950
84
703
830
290
40
192
530
194
428
137
848
568
858
532
836
180
489
151
884
665
864
800
9
818
437
193
98
744
909
408
911
428
446
389
806
530
326
238
240
789
621
116
298
221
54
386
672
422
249
311
750
675
237
962
749
241
211
236
81
140
208
817
500
6
610
681
905
80
91
276
62
219
937
818
946
880
424
234
800
389
336
183
552
454
518
205
679
809
793
517
181
52
490
187
897
275
300
413
985
795
149
417
25
390
333
31
887
733
191
393
166
371
186
311
760
441
389
727
878
522
999
443
598
465
720
709
878
773
529
540
810
129
610
657
764
958
992
755
1
502
763
411
273
731
536
301
896
560
238
567
825
286
168
109
250
815
733
297
350
292
191
89
910
966
263
852
665
699
478
210
379
344
670
104
888
328
147
896
526
181
658
707
662
401
441
427
316
13
300
745
178
432
904
349
694
715
199
951
257
126
144
96
990
993
752
851
994
204
769
297
489
334
205
427
715
